[1] 9727162, 9927267, 1
[2] 9727238, 10027105, 1
[3] 9627175, 10127243, 0.99
[4] 9627268, 9927121, 0.99
[5] 9627268, 9927267, 0.99
[6] 9724338, 10220116, 0.99
[7] 9727150, 10227120, 0.99
[8] 9727150, 10227148, 0.99
[9] 9727162, 9927239, 0.99
[10] 9727214, 9827121, 0.99
[11] 9727244, 10027130, 0.99
[12] 9727244, 10027236, 0.99
[13] 9727244, 10227230, 0.99
[14] 9727245, 10127263, 0.99
[15] 9724338, 10227106, 0.98
[16] 9727162, 10227104, 0.98
[17] 9727174, 9927208, 0.98
[18] 9727214, 10127123, 0.98
[19] 9727214, 10127243, 0.98
[20] 9727224, 9724338, 0.98
[21] 9727224, 10027112, 0.98
[22] 9727238, 10227108, 0.98
[23] 9727246, 9927137, 0.98
[24] 9727247, 9927201, 0.98
[25] 9627175, 9927235, 0.97
[26] 9727162, 10027205, 0.97
[27] 9727214, 9827271, 0.97
[28] 9727214, 10027224, 0.97
[29] 9727238, 10127143, 0.97
[30] 9724338, 9920113, 0.96
[31] 9724338, 9927201, 0.96
[32] 9727142, 9927161, 0.96
[33] 9727150, 10020110, 0.96
[34] 9727163, 10227144, 0.96
[35] 9727214, 9927166, 0.96
[36] 9727224, 10027135, 0.96
[37] 9727224, 10127202, 0.96
[38] 9727224, 10227234, 0.96
[39] 9727247, 10027243, 0.96
[40] 9727247, 10227144, 0.96
[41] 9627175, 10227232, 0.95
[42] 9724338, 9727244, 0.95
[43] 9727142, 10027144, 0.95
[44] 9727150, 10027248, 0.95
[45] 9727154, 10227211, 0.95
[46] 9727163, 10127115, 0.95
[47] 9727174, 9727251, 0.95
[48] 9727214, 10027261, 0.95
[49] 9627268, 10027135, 0.94
[50] 9724338, 9927112, 0.94
[51] 9727163, 9920113, 0.94
[52] 9727171, 9927114, 0.94
[53] 9727246, 10027215, 0.94
[54] 9627175, 10020117, 0.93
[55] 9727154, 9927262, 0.93
[56] 9727214, 10227150, 0.93
[57] 9727224, 9927147, 0.93
[58] 9727247, 10127141, 0.93
[59] 9627175, 9827121, 0.92
[60] 9627175, 10227139, 0.92
[61] 9727246, 9827170, 0.92
[62] 9727246, 10124137, 0.92
[63] 9727142, 10227239, 0.91
[64] 9727154, 9827163, 0.91
[65] 9727171, 9827252, 0.91
[66] 9727174, 9927143, 0.91
[67] 9727244, 10027107, 0.91
[68] 9727246, 10027112, 0.91
[69] 9724338, 10027243, 0.9
[70] 9727150, 10027130, 0.9
[71] 9727162, 10027112, 0.9
[72] 9727171, 9927126, 0.9
[73] 9727229, 10127216, 0.9
[74] 9727245, 10227123, 0.9
[75] 9727246, 9927267, 0.9
[76] 9727247, 10027207, 0.9
[77] 9727162, 9927108, 0.89
[78] 9727229, 9927270, 0.89
[79] 9727238, 9927126, 0.89
[80] 9727245, 9927235, 0.89
[81] 9627175, 9927166, 0.88
[82] 9627175, 10227102, 0.88
[83] 9727163, 9927149, 0.88
[84] 9727174, 10027130, 0.88
[85] 9727224, 10127138, 0.88
[86] 9727247, 9927149, 0.88
[87] 9727247, 10027126, 0.88
[88] 9627175, 10127123, 0.87
[89] 9727142, 9927126, 0.87
[90] 9727154, 9927134, 0.87
[91] 9727154, 10027132, 0.87
[92] 9727162, 10227214, 0.87
[93] 9727174, 9827159, 0.87
[94] 9727174, 10227110, 0.87
[95] 9727247, 9827141, 0.87
[96] 9727247, 9927124, 0.87
[97] 9727150, 9827159, 0.86
[98] 9727154, 9727254, 0.86
[99] 9727154, 10027213, 0.86
[100] 9727174, 9927117, 0.86
[101] 9727214, 9727254, 0.86
[102] 9727214, 10020117, 0.86
[103] 9727244, 10127165, 0.86
[104] 9727246, 10127224, 0.86
[105] 9727247, 9927215, 0.86
[106] 9727247, 10127158, 0.86
[107] 9627175, 9927119, 0.85
[108] 9627268, 9724338, 0.85
[109] 9727154, 10227150, 0.85
[110] 9727162, 10127224, 0.85
[111] 9727214, 9927106, 0.85
[112] 9727229, 10027142, 0.85
[113] 9727229, 10227254, 0.85
[114] 9727238, 9827252, 0.85
[115] 9727245, 9827163, 0.85
[116] 9727246, 9927223, 0.85
[117] 9727246, 10127125, 0.85
[118] 9727150, 10027211, 0.84
[119] 9727163, 9927124, 0.84
[120] 9727171, 10227228, 0.84
[121] 9727214, 9927145, 0.84
[122] 9727224, 10127245, 0.84
[123] 9727224, 10227125, 0.84
[124] 9727245, 10027149, 0.84
[125] 9727246, 10127138, 0.84
[126] 9727246, 10127213, 0.84
[127] 9727247, 9827174, 0.84
[128] 9727247, 9920113, 0.84
[129] 9627175, 10227112, 0.83
[130] 9727142, 10127130, 0.83
[131] 9727150, 10077036, 0.83
[132] 9727224, 10027227, 0.83
[133] 9727224, 10127213, 0.83
[134] 9727245, 10127147, 0.83
[135] 9727142, 9927227, 0.82
[136] 9727214, 10027121, 0.82
[137] 9727238, 9927141, 0.82
[138] 9727246, 9827276, 0.82
[139] 9627175, 10227211, 0.81
[140] 9727142, 10127228, 0.81
[141] 9727150, 10127121, 0.81
[142] 9727174, 10224143, 0.81
[143] 9727244, 10027147, 0.81
[144] 9727244, 10127241, 0.81
[145] 9627268, 9927213, 0.8
[146] 9627268, 10027227, 0.8
[147] 9627268, 10227234, 0.8
[148] 9724338, 9927241, 0.8
[149] 9724338, 10127115, 0.8
[150] 9727150, 10027147, 0.8
[151] 9727162, 9727266, 0.8
[152] 9727162, 9927213, 0.8
[153] 9727238, 9927204, 0.8
[154] 9727244, 9727251, 0.8
[155] 9727150, 10127106, 0.79
[156] 9727154, 10127232, 0.79
[157] 9727244, 9927164, 0.79
[158] 9727247, 9927270, 0.79
[159] 9627175, 10120104, 0.78
[160] 9627268, 9727229, 0.78
[161] 9727150, 9927219, 0.78
[162] 9727150, 10027170, 0.78
[163] 9727162, 10027227, 0.78
[164] 9727162, 10124137, 0.78
[165] 9727171, 10127249, 0.78
[166] 9727238, 10127130, 0.78
[167] 9727245, 10027224, 0.78
[168] 9627268, 10220102, 0.77
[169] 9727171, 10220129, 0.77
[170] 9727214, 9927134, 0.77
[171] 9727229, 9927241, 0.77
[172] 9727229, 10027163, 0.77
[173] 9727244, 10227220, 0.77
[174] 9727246, 10027135, 0.77
[175] 9627175, 10227245, 0.76
[176] 9627268, 10127213, 0.76
[177] 9727142, 9927141, 0.76
[178] 9727142, 10027105, 0.76
[179] 9727142, 10027245, 0.76
[180] 9727150, 10027107, 0.76
[181] 9727163, 10027103, 0.76
[182] 9727174, 10227230, 0.76
[183] 9727229, 9927112, 0.76
[184] 9727142, 10127239, 0.75
[185] 9727238, 10127103, 0.75
[186] 9727238, 10127218, 0.75
[187] 9727244, 10227136, 0.75
[188] 9724338, 10127226, 0.74
[189] 9727154, 9827121, 0.74
[190] 9727154, 10227245, 0.74
[191] 9727244, 10127121, 0.74
[192] 9627268, 9827276, 0.73
[193] 9727154, 10127222, 0.73
[194] 9727162, 10227224, 0.73
[195] 9727171, 10127117, 0.73
[196] 9727224, 9927108, 0.73
[197] 9727238, 10027219, 0.73
[198] 9727247, 10227106, 0.73
[199] 9627268, 9927108, 0.72
[200] 9627268, 10227224, 0.72
[201] 9727142, 9927217, 0.72
[202] 9727142, 10227134, 0.72
[203] 9727163, 10027230, 0.72
[204] 9727171, 10227118, 0.72
[205] 9727174, 10020110, 0.72
[206] 9627175, 10127211, 0.71
[207] 9724338, 10227202, 0.71
[208] 9727142, 9927101, 0.71
[209] 9727162, 10127202, 0.71
[210] 9727163, 10227106, 0.71
[211] 9727171, 9927217, 0.71
[212] 9727214, 10127147, 0.71
[213] 9727224, 10127113, 0.71
[214] 9727247, 9927139, 0.71
[215] 9627175, 10127136, 0.7
[216] 9627175, 10127232, 0.7
[217] 9727142, 10127117, 0.7
[218] 9727154, 10127147, 0.7
[219] 9727162, 10127113, 0.7
[220] 9727229, 9927139, 0.7
[221] 9727229, 10127158, 0.7
[222] 9727238, 10127239, 0.7
[223] 9727244, 10027221, 0.7
[224] 9727246, 10027205, 0.7
[225] 9727246, 10227125, 0.7
[226] 9727214, 10027132, 0.69
[227] 9727238, 9727162, 0.69
[228] 9727245, 9927145, 0.69
[229] 9727245, 10127171, 0.69
[230] 9627175, 10127222, 0.68
[231] 9727150, 10227230, 0.68
[232] 9727154, 9927211, 0.68
[233] 9727154, 10227102, 0.68
[234] 9727224, 10220102, 0.68
[235] 9727238, 10227146, 0.68
[236] 9727154, 10027121, 0.67
[237] 9727162, 10127235, 0.67
[238] 9727163, 9827141, 0.67
[239] 9727163, 9927112, 0.67
[240] 9727171, 10027219, 0.67
[241] 9727244, 9827262, 0.67
[242] 9727245, 9727254, 0.67
[243] 9627268, 10227154, 0.66
[244] 9724338, 9927149, 0.66
[245] 9727142, 10027117, 0.66
[246] 9727142, 10227118, 0.66
[247] 9727163, 10027243, 0.66
[248] 9727174, 10027211, 0.66
[249] 9727247, 10220116, 0.66
[250] 9724338, 9927225, 0.65
[251] 9727150, 10224143, 0.65
[252] 9727162, 10227125, 0.65
[253] 9727229, 10227236, 0.65
[254] 9727245, 10027109, 0.65
[255] 9727246, 10227114, 0.65
[256] 9627175, 10127110, 0.64
[257] 9724338, 10227144, 0.64
[258] 9727163, 10227226, 0.64
[259] 9727171, 10027128, 0.64
[260] 9727224, 10227142, 0.64
[261] 9727238, 10027144, 0.64
[262] 9727238, 10027234, 0.64
[263] 9727247, 10127204, 0.64
[264] 9627175, 9927262, 0.63
[265] 9627268, 10027215, 0.63
[266] 9627268, 10027240, 0.63
[267] 9727142, 10227146, 0.63
[268] 9727162, 10227142, 0.63
[269] 9727163, 10127216, 0.63
[270] 9727174, 9927164, 0.63
[271] 9727238, 9927101, 0.63
[272] 9727244, 9827112, 0.63
[273] 9727244, 9927208, 0.63
[274] 9727246, 9927213, 0.63
[275] 9627175, 9927145, 0.62
[276] 9627175, 10027261, 0.62
[277] 9627268, 9927168, 0.62
[278] 9727214, 10127136, 0.62
[279] 9727224, 9927239, 0.62
[280] 9727238, 9927217, 0.62
[281] 9727246, 10027264, 0.62
[282] 9627175, 10127171, 0.61
[283] 9627268, 10127149, 0.61
[284] 9724338, 10127216, 0.61
[285] 9724338, 10227116, 0.61
[286] 9727150, 10027119, 0.61
[287] 9727174, 9927233, 0.61
[288] 9727174, 10127220, 0.61
[289] 9727229, 10127247, 0.61
[290] 9727245, 10027261, 0.61
[291] 9727246, 10227224, 0.61
[292] 9727142, 9927204, 0.6
[293] 9727162, 10220102, 0.6
[294] 9727163, 10027126, 0.6
[295] 9727163, 10227202, 0.6
[296] 9727214, 10027213, 0.6
[297] 9727214, 10120104, 0.6
[298] 9727229, 10027230, 0.6
[299] 9727245, 10227112, 0.6
[300] 9727246, 9724338, 0.6
[301] 9727142, 9827157, 0.59
[302] 9727142, 10027209, 0.59
[303] 9727150, 10127165, 0.59
[304] 9727214, 9927221, 0.59
[305] 9727224, 10127224, 0.59
[306] 9727229, 10027243, 0.59
[307] 9727229, 10227106, 0.59
[308] 9727244, 9927131, 0.59
[309] 9727246, 10027151, 0.59
[310] 9727247, 10127101, 0.59
[311] 9724338, 9827174, 0.58
[312] 9727142, 9927245, 0.58
[313] 9727154, 9927106, 0.58
[314] 9727163, 9927270, 0.58
[315] 9727171, 10227239, 0.58
[316] 9727214, 9627175, 0.58
[317] 9727224, 9727266, 0.58
[318] 9727224, 10027123, 0.58
[319] 9727238, 9827157, 0.58
[320] 9727245, 9627175, 0.58
[321] 9727245, 9927221, 0.58
[322] 9727245, 10227245, 0.58
[323] 9727246, 10127202, 0.58
[324] 9627175, 9927221, 0.57
[325] 9724338, 10127204, 0.57
[326] 9727162, 10227234, 0.57
[327] 9727174, 10227241, 0.57
[328] 9727214, 9927211, 0.57
[329] 9727238, 10027268, 0.57
[330] 9727245, 10027132, 0.57
[331] 9727246, 10227234, 0.57
[332] 9727162, 9727229, 0.56
[333] 9727171, 10027168, 0.56
[334] 9727174, 10127165, 0.56
[335] 9727214, 10027109, 0.56
[336] 9727229, 9927124, 0.56
[337] 9727244, 9927104, 0.56
[338] 9727244, 10127220, 0.56
[339] 9727245, 10127136, 0.56
[340] 9724338, 10027266, 0.55
[341] 9724338, 10127127, 0.55
[342] 9727154, 9727214, 0.55
[343] 9727224, 9827133, 0.55
[344] 9727229, 9827174, 0.55
[345] 9727245, 9927119, 0.55
[346] 9727245, 10127123, 0.55
[347] 9627268, 10227247, 0.54
[348] 9727162, 9927147, 0.54
[349] 9727162, 10127125, 0.54
[350] 9727171, 9820120, 0.54
[351] 9727171, 9827157, 0.54
[352] 9727171, 10227134, 0.54
[353] 9727171, 10227218, 0.54
[354] 9727174, 10127261, 0.54
[355] 9727214, 10227139, 0.54
[356] 9727229, 10220116, 0.54
[357] 9727238, 9727246, 0.54
[358] 9727245, 9827271, 0.54
[359] 9727245, 10127243, 0.54
[360] 9727247, 10127216, 0.54
[361] 9627175, 10027149, 0.53
[362] 9727150, 10227208, 0.53
[363] 9727154, 10027238, 0.53
[364] 9727238, 10127117, 0.53
[365] 9727238, 10127249, 0.53
[366] 9727244, 10127145, 0.53
[367] 9727245, 10120104, 0.53
[368] 9727246, 9727266, 0.53
[369] 9627268, 10227104, 0.52
[370] 9727142, 9827252, 0.52
[371] 9727154, 9827271, 0.51
[372] 9727154, 9927221, 0.51
[373] 9727163, 9727244, 0.51
[374] 9727163, 10027114, 0.51
[375] 9727163, 10027163, 0.51
[376] 9727171, 9927141, 0.51
[377] 9727174, 9927104, 0.51
[378] 9727244, 9927233, 0.51
[379] 9727245, 10027121, 0.51
[380] 9727246, 10220102, 0.51
[381] 9727247, 9727272, 0.51
[382] 9724338, 9927270, 0.5
[383] 9724338, 10227226, 0.5
[384] 9727142, 10127103, 0.5
[385] 9727154, 10227123, 0.5
[386] 9727162, 10227154, 0.5
[387] 9727163, 9727150, 0.5
[388] 9727174, 10027236, 0.5
[389] 9727229, 10227130, 0.5
[390] 9727247, 10027142, 0.5
[391] 9627268, 10027112, 0.49
[392] 9627268, 10227214, 0.49
[393] 9724338, 10027142, 0.49
[394] 9727163, 9927139, 0.49
[395] 9727163, 10127101, 0.49
[396] 9727171, 9727162, 0.49
[397] 9727214, 10027238, 0.49
[398] 9727214, 10227123, 0.49
[399] 9727229, 9927215, 0.49
[400] 9727247, 10027266, 0.49
[401] 9627175, 9927106, 0.48
[402] 9727142, 9727246, 0.48
[403] 9727142, 10227206, 0.48
[404] 9727150, 10127209, 0.48
[405] 9727150, 10227136, 0.48
[406] 9727154, 10127110, 0.48
[407] 9727244, 10127230, 0.48
[408] 9727245, 10027238, 0.48
[409] 9727245, 10127211, 0.48
[410] 9727247, 10027103, 0.48
[411] 9627175, 9927211, 0.47
[412] 9727150, 10027221, 0.47
[413] 9727154, 10027224, 0.47
[414] 9727154, 10227232, 0.47
[415] 9727174, 10127209, 0.47
[416] 9727214, 10127211, 0.47
[417] 9727214, 10227211, 0.47
[418] 9727244, 10127132, 0.47
[419] 9727246, 9927108, 0.47
[420] 9627268, 10127245, 0.46
[421] 9724338, 10127158, 0.46
[422] 9724338, 10227216, 0.46
[423] 9727150, 10127220, 0.46
[424] 9727171, 10227146, 0.46
[425] 9727174, 10027119, 0.46
[426] 9727174, 10227208, 0.46
[427] 9727214, 9927119, 0.46
[428] 9627175, 9927134, 0.45
[429] 9627175, 10227123, 0.45
[430] 9627268, 9927239, 0.45
[431] 9727150, 10127132, 0.45
[432] 9727171, 9927245, 0.45
[433] 9727171, 10027234, 0.45
[434] 9727224, 10227247, 0.45
[435] 9724338, 10127141, 0.44
[436] 9727174, 9827262, 0.44
[437] 9727214, 10127263, 0.44
[438] 9727224, 10027205, 0.44
[439] 9727238, 9927161, 0.44
[440] 9727246, 10227247, 0.44
[441] 9627175, 10227150, 0.43
[442] 9627268, 10127113, 0.43
[443] 9627268, 10127202, 0.43
[444] 9727163, 10227216, 0.43
[445] 9727238, 9927272, 0.43
[446] 9727244, 10077036, 0.43
[447] 9727246, 9927239, 0.43
[448] 9627175, 10027121, 0.42
[449] 9627268, 9927223, 0.42
[450] 9727162, 9927168, 0.42
[451] 9727171, 9727246, 0.42
[452] 9727174, 10127145, 0.42
[453] 9727229, 10027207, 0.42
[454] 9727238, 10027168, 0.42
[455] 9727245, 10227139, 0.42
[456] 9727163, 9927225, 0.41
[457] 9727171, 10027117, 0.41
[458] 9727214, 10127222, 0.41
[459] 9727224, 10127149, 0.41
[460] 9727224, 10127235, 0.41
[461] 9727229, 10127101, 0.41
[462] 9727244, 10227120, 0.41
[463] 9727245, 9927262, 0.41
[464] 9727246, 10027101, 0.41
[465] 9627175, 9727254, 0.4
[466] 9727154, 10127136, 0.4
[467] 9727162, 9927223, 0.4
[468] 9727163, 10127141, 0.4
[469] 9727174, 9927251, 0.4
[470] 9727174, 10077036, 0.4
[471] 9727224, 10227214, 0.4
[472] 9727238, 9927114, 0.4
[473] 9727244, 10227148, 0.4
[474] 9727245, 9727214, 0.4
[475] 9727245, 10227232, 0.4
[476] 9727162, 10027264, 0.39
[477] 9727163, 10227130, 0.39
[478] 9727163, 10227236, 0.39
[479] 9727174, 9927219, 0.39
[480] 9727229, 10127141, 0.39
[481] 9727244, 9927117, 0.39
[482] 9727245, 10127232, 0.39
[483] 9727247, 10127127, 0.39
[484] 9724338, 9827141, 0.38
[485] 9724338, 10227130, 0.38
[486] 9727142, 10220129, 0.38
[487] 9727171, 10027144, 0.38
[488] 9727214, 10127110, 0.38
[489] 9727224, 9927223, 0.38
[490] 9727245, 9927134, 0.38
[491] 9727245, 10027203, 0.38
[492] 9627175, 9727214, 0.37
[493] 9627268, 10227125, 0.37
[494] 9727150, 9727171, 0.37
[495] 9727150, 9827112, 0.37
[496] 9727224, 10124137, 0.37
[497] 9727229, 9827141, 0.37
[498] 9727238, 10027209, 0.37
[499] 9727244, 10227208, 0.37
[500] 9727245, 9927211, 0.37
[501] 9627268, 10027264, 0.36
[502] 9724338, 10027163, 0.36
[503] 9724338, 10027207, 0.36
[504] 9727150, 9927117, 0.36
[505] 9727154, 9927145, 0.36
[506] 9727163, 10127127, 0.36
[507] 9727163, 10127158, 0.36
[508] 9727171, 10227206, 0.36
[509] 9727224, 9927213, 0.36
[510] 9727224, 10027240, 0.36
[511] 9727229, 10027114, 0.36
[512] 9727229, 10127226, 0.36
[513] 9727238, 10127163, 0.36
[514] 9727244, 10027119, 0.36
[515] 9727246, 10127113, 0.36
[516] 9727246, 10227104, 0.36
[517] 9724338, 10227254, 0.35
[518] 9727154, 10027261, 0.35
[519] 9727162, 10027123, 0.35
[520] 9727245, 10227211, 0.35
[521] 9727247, 9927225, 0.35
[522] 9727142, 10027168, 0.34
[523] 9727142, 10027219, 0.34
[524] 9727142, 10227108, 0.34
[525] 9727154, 10227222, 0.34
[526] 9727162, 10027151, 0.34
[527] 9727163, 10027142, 0.34
[528] 9727214, 10227102, 0.34
[529] 9727224, 9927267, 0.34
[530] 9727247, 10127247, 0.34
[531] 9727247, 10227130, 0.34
[532] 9627268, 10027101, 0.33
[533] 9627268, 10127224, 0.33
[534] 9727142, 9927272, 0.33
[535] 9727154, 9927235, 0.33
[536] 9727162, 9827276, 0.33
[537] 9727171, 10127239, 0.33
[538] 9727214, 10227112, 0.33
[539] 9727224, 9927168, 0.33
[540] 9727244, 9727171, 0.33
[541] 9727246, 9827133, 0.33
[542] 9727246, 10127245, 0.33
[543] 9727246, 10227154, 0.33
[544] 9724338, 10027103, 0.32
[545] 9724338, 10227236, 0.32
[546] 9727214, 10227232, 0.32
[547] 9727229, 10027266, 0.32
[548] 9727246, 9927121, 0.32
[549] 9727246, 10127149, 0.32
[550] 9627268, 9927147, 0.31
[551] 9727150, 9927104, 0.31
[552] 9727154, 9927119, 0.31
[553] 9727162, 9827133, 0.31
[554] 9727162, 10127149, 0.31
[555] 9727163, 10027266, 0.31
[556] 9727163, 10127226, 0.31
[557] 9727163, 10127247, 0.31
[558] 9727214, 10027203, 0.31
[559] 9727224, 9927137, 0.31
[560] 9727238, 10027245, 0.31
[561] 9727246, 9927168, 0.31
[562] 9727247, 10227116, 0.31
[563] 9727150, 9727251, 0.3
[564] 9727154, 10127243, 0.3
[565] 9727171, 10127103, 0.3
[566] 9727174, 10127132, 0.3
[567] 9727174, 10227220, 0.3
[568] 9727224, 10027264, 0.3
[569] 9727245, 10227222, 0.3
[570] 9627175, 9827271, 0.29
[571] 9727142, 10227218, 0.29
[572] 9727150, 10127261, 0.29
[573] 9727162, 9927137, 0.29
[574] 9727163, 9727272, 0.29
[575] 9727229, 9727272, 0.29
[576] 9727244, 10020110, 0.29
[577] 9727247, 9927241, 0.29
[578] 9627268, 10027151, 0.28
[579] 9724338, 9927139, 0.28
[580] 9724338, 10027230, 0.28
[581] 9727142, 9820120, 0.28
[582] 9727142, 10227228, 0.28
[583] 9727150, 9927143, 0.28
[584] 9727150, 10127230, 0.28
[585] 9727174, 10127121, 0.28
[586] 9727214, 10027149, 0.28
[587] 9727229, 10127127, 0.28
[588] 9727247, 10127226, 0.28
[589] 9627175, 10027213, 0.27
[590] 9724338, 9727150, 0.27
[591] 9727163, 9827174, 0.27
[592] 9727171, 9927227, 0.27
[593] 9727171, 9927272, 0.27
[594] 9727171, 10127207, 0.27
[595] 9727174, 10127106, 0.27
[596] 9727224, 10227224, 0.27
[597] 9727247, 10027230, 0.27
[598] 9627175, 9827163, 0.26
[599] 9627268, 9827170, 0.26
[600] 9727142, 10127143, 0.26
[601] 9727214, 9927262, 0.26
[602] 9727224, 10027215, 0.26
[603] 9727245, 10127222, 0.26
[604] 9727246, 9927147, 0.26
[605] 9727247, 10227202, 0.26
[606] 9727154, 9927166, 0.25
[607] 9727214, 10127171, 0.25
[608] 9727238, 10127228, 0.25
[609] 9727244, 10127209, 0.25
[610] 9627268, 9727266, 0.24
[611] 9727150, 9927233, 0.24
[612] 9727154, 10020117, 0.24
[613] 9727154, 10127211, 0.24
[614] 9727171, 10027209, 0.24
[615] 9727174, 9927131, 0.24
[616] 9727238, 10227239, 0.24
[617] 9727244, 10127261, 0.24
[618] 9627268, 10227114, 0.23
[619] 9627268, 10227142, 0.23
[620] 9727150, 10227220, 0.23
[621] 9727154, 10027149, 0.23
[622] 9727162, 10127138, 0.23
[623] 9727163, 10027217, 0.23
[624] 9727171, 9927101, 0.23
[625] 9727171, 9927161, 0.23
[626] 9727171, 10127163, 0.23
[627] 9727224, 10127125, 0.23
[628] 9727238, 10227206, 0.23
[629] 9727244, 10227241, 0.23
[630] 9727142, 10127207, 0.22
[631] 9727154, 10127171, 0.22
[632] 9727162, 10027135, 0.22
[633] 9727174, 10127230, 0.22
[634] 9727214, 9927235, 0.22
[635] 9727229, 9920113, 0.22
[636] 9727229, 9927201, 0.22
[637] 9727229, 10027103, 0.22
[638] 9727229, 10027217, 0.22
[639] 9727238, 10027128, 0.22
[640] 9727142, 10027268, 0.21
[641] 9727154, 10120104, 0.21
[642] 9727154, 10127263, 0.21
[643] 9727244, 9827159, 0.21
[644] 9727142, 10127249, 0.2
[645] 9727162, 9827170, 0.2
[646] 9727171, 10027105, 0.2
[647] 9727171, 10127143, 0.2
[648] 9727174, 10027147, 0.2
[649] 9727224, 9727229, 0.2
[650] 9727224, 10227104, 0.2
[651] 9727238, 10227134, 0.2
[652] 9727246, 10027123, 0.2
[653] 9627175, 10027132, 0.19
[654] 9627175, 10027224, 0.19
[655] 9627268, 10027123, 0.19
[656] 9727142, 10027128, 0.19
[657] 9727162, 9927121, 0.19
[658] 9727162, 10027101, 0.19
[659] 9727163, 10227254, 0.19
[660] 9727229, 9727244, 0.19
[661] 9727229, 9927225, 0.19
[662] 9727229, 10227226, 0.19
[663] 9727246, 10127235, 0.19
[664] 9727246, 10227214, 0.19
[665] 9727150, 9927164, 0.18
[666] 9727154, 10027203, 0.18
[667] 9727154, 10227112, 0.18
[668] 9727162, 10227114, 0.18
[669] 9727171, 10027245, 0.18
[670] 9727171, 10027268, 0.18
[671] 9727174, 10027107, 0.18
[672] 9727224, 9827276, 0.18
[673] 9727229, 10027126, 0.18
[674] 9727229, 10127237, 0.18
[675] 9727246, 10027240, 0.18
[676] 9727247, 10127237, 0.18
[677] 9724338, 9727272, 0.17
[678] 9724338, 10127237, 0.17
[679] 9727150, 10227110, 0.17
[680] 9727162, 10227247, 0.17
[681] 9727163, 10127204, 0.17
[682] 9727171, 10127218, 0.17
[683] 9727238, 9820120, 0.17
[684] 9727244, 10127106, 0.17
[685] 9727244, 10224143, 0.17
[686] 9727245, 9927106, 0.17
[687] 9727247, 9727244, 0.17
[688] 9627175, 10027109, 0.16
[689] 9627268, 10027205, 0.16
[690] 9724338, 9927124, 0.16
[691] 9727238, 10220129, 0.16
[692] 9727247, 10027217, 0.16
[693] 9727247, 10227226, 0.16
[694] 9627268, 10127235, 0.15
[695] 9724338, 10027217, 0.15
[696] 9727150, 10127241, 0.15
[697] 9727154, 10127123, 0.15
[698] 9727163, 10127237, 0.15
[699] 9727171, 10227108, 0.15
[700] 9727174, 10227148, 0.15
[701] 9727214, 10227245, 0.15
[702] 9727229, 10127115, 0.15
[703] 9727229, 10127204, 0.15
[704] 9727238, 10227218, 0.15
[705] 9727245, 9827121, 0.15
[706] 9727245, 10227102, 0.15
[707] 9627175, 10227222, 0.14
[708] 9724338, 10127101, 0.14
[709] 9727224, 9827170, 0.14
[710] 9727238, 10027117, 0.14
[711] 9727244, 10227110, 0.14
[712] 9727245, 10027213, 0.14
[713] 9627268, 10124137, 0.13
[714] 9727174, 10027170, 0.13
[715] 9727174, 10227120, 0.13
[716] 9727224, 10027151, 0.13
[717] 9627175, 10027238, 0.12
[718] 9627268, 9827133, 0.12
[719] 9727214, 10127232, 0.12
[720] 9727224, 10027101, 0.12
[721] 9727245, 10127110, 0.12
[722] 9727246, 10227142, 0.12
[723] 9627175, 10127147, 0.11
[724] 9727150, 10027236, 0.11
[725] 9727150, 10227241, 0.11
[726] 9727229, 10227216, 0.11
[727] 9727244, 10027211, 0.11
[728] 9627268, 10127125, 0.1
[729] 9727162, 10027215, 0.1
[730] 9727174, 10027248, 0.1
[731] 9727238, 9927245, 0.1
[732] 9727238, 10227228, 0.1
[733] 9727246, 9727229, 0.1
[734] 9727154, 10027109, 0.09
[735] 9727162, 10127245, 0.09
[736] 9727163, 9927201, 0.09
[737] 9727171, 10127228, 0.09
[738] 9727174, 10127241, 0.09
[739] 9727214, 10227222, 0.09
[740] 9727224, 10227114, 0.09
[741] 9727229, 10227116, 0.09
[742] 9727244, 9927219, 0.09
[743] 9727247, 10127115, 0.09
[744] 9727247, 10227216, 0.09
[745] 9724338, 9927215, 0.08
[746] 9727163, 9927215, 0.08
[747] 9727174, 9827112, 0.08
[748] 9727229, 10227202, 0.08
[749] 9727245, 10020117, 0.08
[750] 9627268, 10127138, 0.07
[751] 9724338, 10127247, 0.07
[752] 9727150, 10127145, 0.07
[753] 9727163, 10227116, 0.07
[754] 9727174, 10027221, 0.07
[755] 9727244, 10027170, 0.07
[756] 9727247, 9727150, 0.07
[757] 9727247, 10027163, 0.07
[758] 9724338, 10027126, 0.06
[759] 9727142, 9927114, 0.06
[760] 9727142, 10127218, 0.06
[761] 9727150, 9827262, 0.06
[762] 9727171, 9927204, 0.06
[763] 9727238, 9927227, 0.06
[764] 9727238, 10127207, 0.06
[765] 9727244, 9927143, 0.06
[766] 9727246, 10027227, 0.06
[767] 9727247, 9927112, 0.06
[768] 9727247, 10027114, 0.06
[769] 9727142, 10127163, 0.05
[770] 9727162, 9724338, 0.05
[771] 9727229, 9727150, 0.05
[772] 9727238, 10227118, 0.05
[773] 9627175, 10027203, 0.04
[774] 9727150, 9927131, 0.04
[775] 9727150, 9927251, 0.04
[776] 9727224, 9927121, 0.04
[777] 9727244, 9927251, 0.04
[778] 9727244, 10027248, 0.04
[779] 9627268, 9927137, 0.03
[780] 9727142, 10027234, 0.03
[781] 9727154, 9627175, 0.03
[782] 9727163, 9927241, 0.03
[783] 9727174, 10227136, 0.03
[784] 9727224, 10227154, 0.03
[785] 9727245, 10227150, 0.03
[786] 9627175, 10127263, 0.02
[787] 9724338, 10027114, 0.02
[788] 9727150, 9927208, 0.02
[789] 9727154, 10227139, 0.02
[790] 9727174, 9727171, 0.02
[791] 9727214, 9827163, 0.02
[792] 9727229, 9927149, 0.02
[793] 9727229, 10227144, 0.02
[794] 9727245, 9927166, 0.02
[795] 9727142, 9727162, 0.01
[796] 9727162, 10027240, 0.01
[797] 9727162, 10127213, 0.01
[798] 9727163, 10027207, 0.01
[799] 9727163, 10220116, 0.01
[800] 9727171, 10127130, 0.01
