[1] 9727238, 10027105, 1
[2] 9727214, 9827121, 0.99
[3] 9727244, 10027130, 0.99
[4] 9727244, 10027236, 0.99
[5] 9727244, 10227230, 0.99
[6] 9727245, 10127263, 0.99
[7] 9727174, 9927208, 0.98
[8] 9727214, 10127123, 0.98
[9] 9727214, 10127243, 0.98
[10] 9727224, 9724338, 0.98
[11] 9727224, 10027112, 0.98
[12] 9727238, 10227108, 0.98
[13] 9727246, 9927137, 0.98
[14] 9727247, 9927201, 0.98
[15] 9727214, 9827271, 0.97
[16] 9727214, 10027224, 0.97
[17] 9727238, 10127143, 0.97
[18] 9727214, 9927166, 0.96
[19] 9727224, 10027135, 0.96
[20] 9727224, 10127202, 0.96
[21] 9727224, 10227234, 0.96
[22] 9727247, 10027243, 0.96
[23] 9727247, 10227144, 0.96
[24] 9727174, 9727251, 0.95
[25] 9727214, 10027261, 0.95
[26] 9727246, 10027215, 0.94
[27] 9727214, 10227150, 0.93
[28] 9727224, 9927147, 0.93
[29] 9727247, 10127141, 0.93
[30] 9727246, 9827170, 0.92
[31] 9727246, 10124137, 0.92
[32] 9727174, 9927143, 0.91
[33] 9727244, 10027107, 0.91
[34] 9727246, 10027112, 0.91
[35] 9727229, 10127216, 0.9
[36] 9727245, 10227123, 0.9
[37] 9727246, 9927267, 0.9
[38] 9727247, 10027207, 0.9
[39] 9727229, 9927270, 0.89
[40] 9727238, 9927126, 0.89
[41] 9727245, 9927235, 0.89
[42] 9727174, 10027130, 0.88
[43] 9727224, 10127138, 0.88
[44] 9727247, 9927149, 0.88
[45] 9727247, 10027126, 0.88
[46] 9727174, 9827159, 0.87
[47] 9727174, 10227110, 0.87
[48] 9727247, 9827141, 0.87
[49] 9727247, 9927124, 0.87
[50] 9727174, 9927117, 0.86
[51] 9727214, 9727254, 0.86
[52] 9727214, 10020117, 0.86
[53] 9727244, 10127165, 0.86
[54] 9727246, 10127224, 0.86
[55] 9727247, 9927215, 0.86
[56] 9727247, 10127158, 0.86
[57] 9727214, 9927106, 0.85
[58] 9727229, 10027142, 0.85
[59] 9727229, 10227254, 0.85
[60] 9727238, 9827252, 0.85
[61] 9727245, 9827163, 0.85
[62] 9727246, 9927223, 0.85
[63] 9727246, 10127125, 0.85
[64] 9727214, 9927145, 0.84
[65] 9727224, 10127245, 0.84
[66] 9727224, 10227125, 0.84
[67] 9727245, 10027149, 0.84
[68] 9727246, 10127138, 0.84
[69] 9727246, 10127213, 0.84
[70] 9727247, 9827174, 0.84
[71] 9727247, 9920113, 0.84
[72] 9727224, 10027227, 0.83
[73] 9727224, 10127213, 0.83
[74] 9727245, 10127147, 0.83
[75] 9727214, 10027121, 0.82
[76] 9727238, 9927141, 0.82
[77] 9727246, 9827276, 0.82
[78] 9727174, 10224143, 0.81
[79] 9727244, 10027147, 0.81
[80] 9727244, 10127241, 0.81
[81] 9727238, 9927204, 0.8
[82] 9727244, 9727251, 0.8
[83] 9727244, 9927164, 0.79
[84] 9727247, 9927270, 0.79
[85] 9727238, 10127130, 0.78
[86] 9727245, 10027224, 0.78
[87] 9727214, 9927134, 0.77
[88] 9727229, 9927241, 0.77
[89] 9727229, 10027163, 0.77
[90] 9727244, 10227220, 0.77
[91] 9727246, 10027135, 0.77
[92] 9727174, 10227230, 0.76
[93] 9727229, 9927112, 0.76
[94] 9727238, 10127103, 0.75
[95] 9727238, 10127218, 0.75
[96] 9727244, 10227136, 0.75
[97] 9727244, 10127121, 0.74
[98] 9727224, 9927108, 0.73
[99] 9727238, 10027219, 0.73
[100] 9727247, 10227106, 0.73
[101] 9727174, 10020110, 0.72
[102] 9727214, 10127147, 0.71
[103] 9727224, 10127113, 0.71
[104] 9727247, 9927139, 0.71
[105] 9727229, 9927139, 0.7
[106] 9727229, 10127158, 0.7
[107] 9727238, 10127239, 0.7
[108] 9727244, 10027221, 0.7
[109] 9727246, 10027205, 0.7
[110] 9727246, 10227125, 0.7
[111] 9727214, 10027132, 0.69
[112] 9727238, 9727162, 0.69
[113] 9727245, 9927145, 0.69
[114] 9727245, 10127171, 0.69
[115] 9727224, 10220102, 0.68
[116] 9727238, 10227146, 0.68
[117] 9727244, 9827262, 0.67
[118] 9727245, 9727254, 0.67
[119] 9727174, 10027211, 0.66
[120] 9727247, 10220116, 0.66
[121] 9727229, 10227236, 0.65
[122] 9727245, 10027109, 0.65
[123] 9727246, 10227114, 0.65
[124] 9727224, 10227142, 0.64
[125] 9727238, 10027144, 0.64
[126] 9727238, 10027234, 0.64
[127] 9727247, 10127204, 0.64
[128] 9727174, 9927164, 0.63
[129] 9727238, 9927101, 0.63
[130] 9727244, 9827112, 0.63
[131] 9727244, 9927208, 0.63
[132] 9727246, 9927213, 0.63
[133] 9727214, 10127136, 0.62
[134] 9727224, 9927239, 0.62
[135] 9727238, 9927217, 0.62
[136] 9727246, 10027264, 0.62
[137] 9727174, 9927233, 0.61
[138] 9727174, 10127220, 0.61
[139] 9727229, 10127247, 0.61
[140] 9727245, 10027261, 0.61
[141] 9727246, 10227224, 0.61
[142] 9727214, 10027213, 0.6
[143] 9727214, 10120104, 0.6
[144] 9727229, 10027230, 0.6
[145] 9727245, 10227112, 0.6
[146] 9727246, 9724338, 0.6
[147] 9727214, 9927221, 0.59
[148] 9727224, 10127224, 0.59
[149] 9727229, 10027243, 0.59
[150] 9727229, 10227106, 0.59
[151] 9727244, 9927131, 0.59
[152] 9727246, 10027151, 0.59
[153] 9727247, 10127101, 0.59
[154] 9727171, 10227239, 0.58
[155] 9727214, 9627175, 0.58
[156] 9727224, 9727266, 0.58
[157] 9727224, 10027123, 0.58
[158] 9727238, 9827157, 0.58
[159] 9727245, 9627175, 0.58
[160] 9727245, 9927221, 0.58
[161] 9727245, 10227245, 0.58
[162] 9727246, 10127202, 0.58
[163] 9727174, 10227241, 0.57
[164] 9727214, 9927211, 0.57
[165] 9727238, 10027268, 0.57
[166] 9727245, 10027132, 0.57
[167] 9727246, 10227234, 0.57
[168] 9727174, 10127165, 0.56
[169] 9727214, 10027109, 0.56
[170] 9727229, 9927124, 0.56
[171] 9727244, 9927104, 0.56
[172] 9727244, 10127220, 0.56
[173] 9727245, 10127136, 0.56
[174] 9727224, 9827133, 0.55
[175] 9727229, 9827174, 0.55
[176] 9727245, 9927119, 0.55
[177] 9727245, 10127123, 0.55
[178] 9727174, 10127261, 0.54
[179] 9727214, 10227139, 0.54
[180] 9727229, 10220116, 0.54
[181] 9727238, 9727246, 0.54
[182] 9727245, 9827271, 0.54
[183] 9727245, 10127243, 0.54
[184] 9727247, 10127216, 0.54
[185] 9727238, 10127117, 0.53
[186] 9727238, 10127249, 0.53
[187] 9727244, 10127145, 0.53
[188] 9727245, 10120104, 0.53
[189] 9727246, 9727266, 0.53
[190] 9727174, 9927104, 0.51
[191] 9727244, 9927233, 0.51
[192] 9727245, 10027121, 0.51
[193] 9727246, 10220102, 0.51
[194] 9727247, 9727272, 0.51
[195] 9727174, 10027236, 0.5
[196] 9727229, 10227130, 0.5
[197] 9727247, 10027142, 0.5
[198] 9727214, 10027238, 0.49
[199] 9727214, 10227123, 0.49
[200] 9727229, 9927215, 0.49
[201] 9727247, 10027266, 0.49
[202] 9727244, 10127230, 0.48
[203] 9727245, 10027238, 0.48
[204] 9727245, 10127211, 0.48
[205] 9727247, 10027103, 0.48
[206] 9727174, 10127209, 0.47
[207] 9727214, 10127211, 0.47
[208] 9727214, 10227211, 0.47
[209] 9727244, 10127132, 0.47
[210] 9727246, 9927108, 0.47
[211] 9727174, 10027119, 0.46
[212] 9727174, 10227208, 0.46
[213] 9727214, 9927119, 0.46
[214] 9727224, 10227247, 0.45
[215] 9727174, 9827262, 0.44
[216] 9727214, 10127263, 0.44
[217] 9727224, 10027205, 0.44
[218] 9727238, 9927161, 0.44
[219] 9727246, 10227247, 0.44
[220] 9727238, 9927272, 0.43
[221] 9727244, 10077036, 0.43
[222] 9727246, 9927239, 0.43
[223] 9727174, 10127145, 0.42
[224] 9727229, 10027207, 0.42
[225] 9727238, 10027168, 0.42
[226] 9727245, 10227139, 0.42
[227] 9727214, 10127222, 0.41
[228] 9727224, 10127149, 0.41
[229] 9727224, 10127235, 0.41
[230] 9727229, 10127101, 0.41
[231] 9727244, 10227120, 0.41
[232] 9727245, 9927262, 0.41
[233] 9727246, 10027101, 0.41
[234] 9727174, 9927251, 0.4
[235] 9727174, 10077036, 0.4
[236] 9727224, 10227214, 0.4
[237] 9727238, 9927114, 0.4
[238] 9727244, 10227148, 0.4
[239] 9727245, 9727214, 0.4
[240] 9727245, 10227232, 0.4
[241] 9727174, 9927219, 0.39
[242] 9727229, 10127141, 0.39
[243] 9727244, 9927117, 0.39
[244] 9727245, 10127232, 0.39
[245] 9727247, 10127127, 0.39
[246] 9727214, 10127110, 0.38
[247] 9727224, 9927223, 0.38
[248] 9727245, 9927134, 0.38
[249] 9727245, 10027203, 0.38
[250] 9727224, 10124137, 0.37
[251] 9727229, 9827141, 0.37
[252] 9727238, 10027209, 0.37
[253] 9727244, 10227208, 0.37
[254] 9727245, 9927211, 0.37
[255] 9727224, 9927213, 0.36
[256] 9727224, 10027240, 0.36
[257] 9727229, 10027114, 0.36
[258] 9727229, 10127226, 0.36
[259] 9727238, 10127163, 0.36
[260] 9727244, 10027119, 0.36
[261] 9727246, 10127113, 0.36
[262] 9727246, 10227104, 0.36
[263] 9727245, 10227211, 0.35
[264] 9727247, 9927225, 0.35
[265] 9727214, 10227102, 0.34
[266] 9727224, 9927267, 0.34
[267] 9727247, 10127247, 0.34
[268] 9727247, 10227130, 0.34
[269] 9727214, 10227112, 0.33
[270] 9727224, 9927168, 0.33
[271] 9727244, 9727171, 0.33
[272] 9727246, 9827133, 0.33
[273] 9727246, 10127245, 0.33
[274] 9727246, 10227154, 0.33
[275] 9727214, 10227232, 0.32
[276] 9727229, 10027266, 0.32
[277] 9727246, 9927121, 0.32
[278] 9727246, 10127149, 0.32
[279] 9727214, 10027203, 0.31
[280] 9727224, 9927137, 0.31
[281] 9727238, 10027245, 0.31
[282] 9727246, 9927168, 0.31
[283] 9727247, 10227116, 0.31
[284] 9727174, 10127132, 0.3
[285] 9727174, 10227220, 0.3
[286] 9727224, 10027264, 0.3
[287] 9727245, 10227222, 0.3
[288] 9727229, 9727272, 0.29
[289] 9727244, 10020110, 0.29
[290] 9727247, 9927241, 0.29
[291] 9727174, 10127121, 0.28
[292] 9727214, 10027149, 0.28
[293] 9727229, 10127127, 0.28
[294] 9727247, 10127226, 0.28
[295] 9727174, 10127106, 0.27
[296] 9727224, 10227224, 0.27
[297] 9727247, 10027230, 0.27
[298] 9727214, 9927262, 0.26
[299] 9727224, 10027215, 0.26
[300] 9727245, 10127222, 0.26
[301] 9727246, 9927147, 0.26
[302] 9727247, 10227202, 0.26
[303] 9727214, 10127171, 0.25
[304] 9727238, 10127228, 0.25
[305] 9727244, 10127209, 0.25
[306] 9727174, 9927131, 0.24
[307] 9727238, 10227239, 0.24
[308] 9727244, 10127261, 0.24
[309] 9727224, 10127125, 0.23
[310] 9727238, 10227206, 0.23
[311] 9727244, 10227241, 0.23
[312] 9727174, 10127230, 0.22
[313] 9727214, 9927235, 0.22
[314] 9727229, 9920113, 0.22
[315] 9727229, 9927201, 0.22
[316] 9727229, 10027103, 0.22
[317] 9727229, 10027217, 0.22
[318] 9727238, 10027128, 0.22
[319] 9727244, 9827159, 0.21
[320] 9727174, 10027147, 0.2
[321] 9727224, 9727229, 0.2
[322] 9727224, 10227104, 0.2
[323] 9727238, 10227134, 0.2
[324] 9727246, 10027123, 0.2
[325] 9727229, 9727244, 0.19
[326] 9727229, 9927225, 0.19
[327] 9727229, 10227226, 0.19
[328] 9727246, 10127235, 0.19
[329] 9727246, 10227214, 0.19
[330] 9727174, 10027107, 0.18
[331] 9727224, 9827276, 0.18
[332] 9727229, 10027126, 0.18
[333] 9727229, 10127237, 0.18
[334] 9727246, 10027240, 0.18
[335] 9727247, 10127237, 0.18
[336] 9727238, 9820120, 0.17
[337] 9727244, 10127106, 0.17
[338] 9727244, 10224143, 0.17
[339] 9727245, 9927106, 0.17
[340] 9727247, 9727244, 0.17
[341] 9727238, 10220129, 0.16
[342] 9727247, 10027217, 0.16
[343] 9727247, 10227226, 0.16
[344] 9727174, 10227148, 0.15
[345] 9727214, 10227245, 0.15
[346] 9727229, 10127115, 0.15
[347] 9727229, 10127204, 0.15
[348] 9727238, 10227218, 0.15
[349] 9727245, 9827121, 0.15
[350] 9727245, 10227102, 0.15
[351] 9727224, 9827170, 0.14
[352] 9727238, 10027117, 0.14
[353] 9727244, 10227110, 0.14
[354] 9727245, 10027213, 0.14
[355] 9727174, 10027170, 0.13
[356] 9727174, 10227120, 0.13
[357] 9727224, 10027151, 0.13
[358] 9727214, 10127232, 0.12
[359] 9727224, 10027101, 0.12
[360] 9727245, 10127110, 0.12
[361] 9727246, 10227142, 0.12
[362] 9727229, 10227216, 0.11
[363] 9727244, 10027211, 0.11
[364] 9727174, 10027248, 0.1
[365] 9727238, 9927245, 0.1
[366] 9727238, 10227228, 0.1
[367] 9727246, 9727229, 0.1
[368] 9727174, 10127241, 0.09
[369] 9727214, 10227222, 0.09
[370] 9727224, 10227114, 0.09
[371] 9727229, 10227116, 0.09
[372] 9727244, 9927219, 0.09
[373] 9727247, 10127115, 0.09
[374] 9727247, 10227216, 0.09
[375] 9727174, 9827112, 0.08
[376] 9727229, 10227202, 0.08
[377] 9727245, 10020117, 0.08
[378] 9727174, 10027221, 0.07
[379] 9727244, 10027170, 0.07
[380] 9727247, 9727150, 0.07
[381] 9727247, 10027163, 0.07
[382] 9727238, 9927227, 0.06
[383] 9727238, 10127207, 0.06
[384] 9727244, 9927143, 0.06
[385] 9727246, 10027227, 0.06
[386] 9727247, 9927112, 0.06
[387] 9727247, 10027114, 0.06
[388] 9727229, 9727150, 0.05
[389] 9727238, 10227118, 0.05
[390] 9727224, 9927121, 0.04
[391] 9727244, 9927251, 0.04
[392] 9727244, 10027248, 0.04
[393] 9727174, 10227136, 0.03
[394] 9727224, 10227154, 0.03
[395] 9727245, 10227150, 0.03
[396] 9727174, 9727171, 0.02
[397] 9727214, 9827163, 0.02
[398] 9727229, 9927149, 0.02
[399] 9727229, 10227144, 0.02
[400] 9727245, 9927166, 0.02
