[1] 9727162, 9927267, 1
[2] 9627175, 10127243, 0.99
[3] 9627268, 9927121, 0.99
[4] 9627268, 9927267, 0.99
[5] 9724338, 10220116, 0.99
[6] 9727150, 10227120, 0.99
[7] 9727150, 10227148, 0.99
[8] 9727162, 9927239, 0.99
[9] 9724338, 10227106, 0.98
[10] 9727162, 10227104, 0.98
[11] 9627175, 9927235, 0.97
[12] 9727162, 10027205, 0.97
[13] 9724338, 9920113, 0.96
[14] 9724338, 9927201, 0.96
[15] 9727142, 9927161, 0.96
[16] 9727150, 10020110, 0.96
[17] 9727163, 10227144, 0.96
[18] 9627175, 10227232, 0.95
[19] 9724338, 9727244, 0.95
[20] 9727142, 10027144, 0.95
[21] 9727150, 10027248, 0.95
[22] 9727154, 10227211, 0.95
[23] 9727163, 10127115, 0.95
[24] 9627268, 10027135, 0.94
[25] 9724338, 9927112, 0.94
[26] 9727163, 9920113, 0.94
[27] 9727171, 9927114, 0.94
[28] 9627175, 10020117, 0.93
[29] 9727154, 9927262, 0.93
[30] 9627175, 9827121, 0.92
[31] 9627175, 10227139, 0.92
[32] 9727142, 10227239, 0.91
[33] 9727154, 9827163, 0.91
[34] 9727171, 9827252, 0.91
[35] 9724338, 10027243, 0.9
[36] 9727150, 10027130, 0.9
[37] 9727162, 10027112, 0.9
[38] 9727171, 9927126, 0.9
[39] 9727162, 9927108, 0.89
[40] 9627175, 9927166, 0.88
[41] 9627175, 10227102, 0.88
[42] 9727163, 9927149, 0.88
[43] 9627175, 10127123, 0.87
[44] 9727142, 9927126, 0.87
[45] 9727154, 9927134, 0.87
[46] 9727154, 10027132, 0.87
[47] 9727162, 10227214, 0.87
[48] 9727150, 9827159, 0.86
[49] 9727154, 9727254, 0.86
[50] 9727154, 10027213, 0.86
[51] 9627175, 9927119, 0.85
[52] 9627268, 9724338, 0.85
[53] 9727154, 10227150, 0.85
[54] 9727162, 10127224, 0.85
[55] 9727150, 10027211, 0.84
[56] 9727163, 9927124, 0.84
[57] 9727171, 10227228, 0.84
[58] 9627175, 10227112, 0.83
[59] 9727142, 10127130, 0.83
[60] 9727150, 10077036, 0.83
[61] 9727142, 9927227, 0.82
[62] 9627175, 10227211, 0.81
[63] 9727142, 10127228, 0.81
[64] 9727150, 10127121, 0.81
[65] 9627268, 9927213, 0.8
[66] 9627268, 10027227, 0.8
[67] 9627268, 10227234, 0.8
[68] 9724338, 9927241, 0.8
[69] 9724338, 10127115, 0.8
[70] 9727150, 10027147, 0.8
[71] 9727162, 9727266, 0.8
[72] 9727162, 9927213, 0.8
[73] 9727150, 10127106, 0.79
[74] 9727154, 10127232, 0.79
[75] 9627175, 10120104, 0.78
[76] 9627268, 9727229, 0.78
[77] 9727150, 9927219, 0.78
[78] 9727150, 10027170, 0.78
[79] 9727162, 10027227, 0.78
[80] 9727162, 10124137, 0.78
[81] 9727171, 10127249, 0.78
[82] 9627268, 10220102, 0.77
[83] 9727171, 10220129, 0.77
[84] 9627175, 10227245, 0.76
[85] 9627268, 10127213, 0.76
[86] 9727142, 9927141, 0.76
[87] 9727142, 10027105, 0.76
[88] 9727142, 10027245, 0.76
[89] 9727150, 10027107, 0.76
[90] 9727163, 10027103, 0.76
[91] 9727142, 10127239, 0.75
[92] 9724338, 10127226, 0.74
[93] 9727154, 9827121, 0.74
[94] 9727154, 10227245, 0.74
[95] 9627268, 9827276, 0.73
[96] 9727154, 10127222, 0.73
[97] 9727162, 10227224, 0.73
[98] 9727171, 10127117, 0.73
[99] 9627268, 9927108, 0.72
[100] 9627268, 10227224, 0.72
[101] 9727142, 9927217, 0.72
[102] 9727142, 10227134, 0.72
[103] 9727163, 10027230, 0.72
[104] 9727171, 10227118, 0.72
[105] 9627175, 10127211, 0.71
[106] 9724338, 10227202, 0.71
[107] 9727142, 9927101, 0.71
[108] 9727162, 10127202, 0.71
[109] 9727163, 10227106, 0.71
[110] 9727171, 9927217, 0.71
[111] 9627175, 10127136, 0.7
[112] 9627175, 10127232, 0.7
[113] 9727142, 10127117, 0.7
[114] 9727154, 10127147, 0.7
[115] 9727162, 10127113, 0.7
[116] 9627175, 10127222, 0.68
[117] 9727150, 10227230, 0.68
[118] 9727154, 9927211, 0.68
[119] 9727154, 10227102, 0.68
[120] 9727154, 10027121, 0.67
[121] 9727162, 10127235, 0.67
[122] 9727163, 9827141, 0.67
[123] 9727163, 9927112, 0.67
[124] 9727171, 10027219, 0.67
[125] 9627268, 10227154, 0.66
[126] 9724338, 9927149, 0.66
[127] 9727142, 10027117, 0.66
[128] 9727142, 10227118, 0.66
[129] 9727163, 10027243, 0.66
[130] 9724338, 9927225, 0.65
[131] 9727150, 10224143, 0.65
[132] 9727162, 10227125, 0.65
[133] 9627175, 10127110, 0.64
[134] 9724338, 10227144, 0.64
[135] 9727163, 10227226, 0.64
[136] 9727171, 10027128, 0.64
[137] 9627175, 9927262, 0.63
[138] 9627268, 10027215, 0.63
[139] 9627268, 10027240, 0.63
[140] 9727142, 10227146, 0.63
[141] 9727162, 10227142, 0.63
[142] 9727163, 10127216, 0.63
[143] 9627175, 9927145, 0.62
[144] 9627175, 10027261, 0.62
[145] 9627268, 9927168, 0.62
[146] 9627175, 10127171, 0.61
[147] 9627268, 10127149, 0.61
[148] 9724338, 10127216, 0.61
[149] 9724338, 10227116, 0.61
[150] 9727150, 10027119, 0.61
[151] 9727142, 9927204, 0.6
[152] 9727162, 10220102, 0.6
[153] 9727163, 10027126, 0.6
[154] 9727163, 10227202, 0.6
[155] 9727142, 9827157, 0.59
[156] 9727142, 10027209, 0.59
[157] 9727150, 10127165, 0.59
[158] 9724338, 9827174, 0.58
[159] 9727142, 9927245, 0.58
[160] 9727154, 9927106, 0.58
[161] 9727163, 9927270, 0.58
[162] 9627175, 9927221, 0.57
[163] 9724338, 10127204, 0.57
[164] 9727162, 10227234, 0.57
[165] 9727162, 9727229, 0.56
[166] 9727171, 10027168, 0.56
[167] 9724338, 10027266, 0.55
[168] 9724338, 10127127, 0.55
[169] 9727154, 9727214, 0.55
[170] 9627268, 10227247, 0.54
[171] 9727162, 9927147, 0.54
[172] 9727162, 10127125, 0.54
[173] 9727171, 9820120, 0.54
[174] 9727171, 9827157, 0.54
[175] 9727171, 10227134, 0.54
[176] 9727171, 10227218, 0.54
[177] 9627175, 10027149, 0.53
[178] 9727150, 10227208, 0.53
[179] 9727154, 10027238, 0.53
[180] 9627268, 10227104, 0.52
[181] 9727142, 9827252, 0.52
[182] 9727154, 9827271, 0.51
[183] 9727154, 9927221, 0.51
[184] 9727163, 9727244, 0.51
[185] 9727163, 10027114, 0.51
[186] 9727163, 10027163, 0.51
[187] 9727171, 9927141, 0.51
[188] 9724338, 9927270, 0.5
[189] 9724338, 10227226, 0.5
[190] 9727142, 10127103, 0.5
[191] 9727154, 10227123, 0.5
[192] 9727162, 10227154, 0.5
[193] 9727163, 9727150, 0.5
[194] 9627268, 10027112, 0.49
[195] 9627268, 10227214, 0.49
[196] 9724338, 10027142, 0.49
[197] 9727163, 9927139, 0.49
[198] 9727163, 10127101, 0.49
[199] 9727171, 9727162, 0.49
[200] 9627175, 9927106, 0.48
[201] 9727142, 9727246, 0.48
[202] 9727142, 10227206, 0.48
[203] 9727150, 10127209, 0.48
[204] 9727150, 10227136, 0.48
[205] 9727154, 10127110, 0.48
[206] 9627175, 9927211, 0.47
[207] 9727150, 10027221, 0.47
[208] 9727154, 10027224, 0.47
[209] 9727154, 10227232, 0.47
[210] 9627268, 10127245, 0.46
[211] 9724338, 10127158, 0.46
[212] 9724338, 10227216, 0.46
[213] 9727150, 10127220, 0.46
[214] 9727171, 10227146, 0.46
[215] 9627175, 9927134, 0.45
[216] 9627175, 10227123, 0.45
[217] 9627268, 9927239, 0.45
[218] 9727150, 10127132, 0.45
[219] 9727171, 9927245, 0.45
[220] 9727171, 10027234, 0.45
[221] 9724338, 10127141, 0.44
[222] 9627175, 10227150, 0.43
[223] 9627268, 10127113, 0.43
[224] 9627268, 10127202, 0.43
[225] 9727163, 10227216, 0.43
[226] 9627175, 10027121, 0.42
[227] 9627268, 9927223, 0.42
[228] 9727162, 9927168, 0.42
[229] 9727171, 9727246, 0.42
[230] 9727163, 9927225, 0.41
[231] 9727171, 10027117, 0.41
[232] 9627175, 9727254, 0.4
[233] 9727154, 10127136, 0.4
[234] 9727162, 9927223, 0.4
[235] 9727163, 10127141, 0.4
[236] 9727162, 10027264, 0.39
[237] 9727163, 10227130, 0.39
[238] 9727163, 10227236, 0.39
[239] 9724338, 9827141, 0.38
[240] 9724338, 10227130, 0.38
[241] 9727142, 10220129, 0.38
[242] 9727171, 10027144, 0.38
[243] 9627175, 9727214, 0.37
[244] 9627268, 10227125, 0.37
[245] 9727150, 9727171, 0.37
[246] 9727150, 9827112, 0.37
[247] 9627268, 10027264, 0.36
[248] 9724338, 10027163, 0.36
[249] 9724338, 10027207, 0.36
[250] 9727150, 9927117, 0.36
[251] 9727154, 9927145, 0.36
[252] 9727163, 10127127, 0.36
[253] 9727163, 10127158, 0.36
[254] 9727171, 10227206, 0.36
[255] 9724338, 10227254, 0.35
[256] 9727154, 10027261, 0.35
[257] 9727162, 10027123, 0.35
[258] 9727142, 10027168, 0.34
[259] 9727142, 10027219, 0.34
[260] 9727142, 10227108, 0.34
[261] 9727154, 10227222, 0.34
[262] 9727162, 10027151, 0.34
[263] 9727163, 10027142, 0.34
[264] 9627268, 10027101, 0.33
[265] 9627268, 10127224, 0.33
[266] 9727142, 9927272, 0.33
[267] 9727154, 9927235, 0.33
[268] 9727162, 9827276, 0.33
[269] 9727171, 10127239, 0.33
[270] 9724338, 10027103, 0.32
[271] 9724338, 10227236, 0.32
[272] 9627268, 9927147, 0.31
[273] 9727150, 9927104, 0.31
[274] 9727154, 9927119, 0.31
[275] 9727162, 9827133, 0.31
[276] 9727162, 10127149, 0.31
[277] 9727163, 10027266, 0.31
[278] 9727163, 10127226, 0.31
[279] 9727163, 10127247, 0.31
[280] 9727150, 9727251, 0.3
[281] 9727154, 10127243, 0.3
[282] 9727171, 10127103, 0.3
[283] 9627175, 9827271, 0.29
[284] 9727142, 10227218, 0.29
[285] 9727150, 10127261, 0.29
[286] 9727162, 9927137, 0.29
[287] 9727163, 9727272, 0.29
[288] 9627268, 10027151, 0.28
[289] 9724338, 9927139, 0.28
[290] 9724338, 10027230, 0.28
[291] 9727142, 9820120, 0.28
[292] 9727142, 10227228, 0.28
[293] 9727150, 9927143, 0.28
[294] 9727150, 10127230, 0.28
[295] 9627175, 10027213, 0.27
[296] 9724338, 9727150, 0.27
[297] 9727163, 9827174, 0.27
[298] 9727171, 9927227, 0.27
[299] 9727171, 9927272, 0.27
[300] 9727171, 10127207, 0.27
[301] 9627175, 9827163, 0.26
[302] 9627268, 9827170, 0.26
[303] 9727142, 10127143, 0.26
[304] 9727154, 9927166, 0.25
[305] 9627268, 9727266, 0.24
[306] 9727150, 9927233, 0.24
[307] 9727154, 10020117, 0.24
[308] 9727154, 10127211, 0.24
[309] 9727171, 10027209, 0.24
[310] 9627268, 10227114, 0.23
[311] 9627268, 10227142, 0.23
[312] 9727150, 10227220, 0.23
[313] 9727154, 10027149, 0.23
[314] 9727162, 10127138, 0.23
[315] 9727163, 10027217, 0.23
[316] 9727171, 9927101, 0.23
[317] 9727171, 9927161, 0.23
[318] 9727171, 10127163, 0.23
[319] 9727142, 10127207, 0.22
[320] 9727154, 10127171, 0.22
[321] 9727162, 10027135, 0.22
[322] 9727142, 10027268, 0.21
[323] 9727154, 10120104, 0.21
[324] 9727154, 10127263, 0.21
[325] 9727142, 10127249, 0.2
[326] 9727162, 9827170, 0.2
[327] 9727171, 10027105, 0.2
[328] 9727171, 10127143, 0.2
[329] 9627175, 10027132, 0.19
[330] 9627175, 10027224, 0.19
[331] 9627268, 10027123, 0.19
[332] 9727142, 10027128, 0.19
[333] 9727162, 9927121, 0.19
[334] 9727162, 10027101, 0.19
[335] 9727163, 10227254, 0.19
[336] 9727150, 9927164, 0.18
[337] 9727154, 10027203, 0.18
[338] 9727154, 10227112, 0.18
[339] 9727162, 10227114, 0.18
[340] 9727171, 10027245, 0.18
[341] 9727171, 10027268, 0.18
[342] 9724338, 9727272, 0.17
[343] 9724338, 10127237, 0.17
[344] 9727150, 10227110, 0.17
[345] 9727162, 10227247, 0.17
[346] 9727163, 10127204, 0.17
[347] 9727171, 10127218, 0.17
[348] 9627175, 10027109, 0.16
[349] 9627268, 10027205, 0.16
[350] 9724338, 9927124, 0.16
[351] 9627268, 10127235, 0.15
[352] 9724338, 10027217, 0.15
[353] 9727150, 10127241, 0.15
[354] 9727154, 10127123, 0.15
[355] 9727163, 10127237, 0.15
[356] 9727171, 10227108, 0.15
[357] 9627175, 10227222, 0.14
[358] 9724338, 10127101, 0.14
[359] 9627268, 10124137, 0.13
[360] 9627175, 10027238, 0.12
[361] 9627268, 9827133, 0.12
[362] 9627175, 10127147, 0.11
[363] 9727150, 10027236, 0.11
[364] 9727150, 10227241, 0.11
[365] 9627268, 10127125, 0.1
[366] 9727162, 10027215, 0.1
[367] 9727154, 10027109, 0.09
[368] 9727162, 10127245, 0.09
[369] 9727163, 9927201, 0.09
[370] 9727171, 10127228, 0.09
[371] 9724338, 9927215, 0.08
[372] 9727163, 9927215, 0.08
[373] 9627268, 10127138, 0.07
[374] 9724338, 10127247, 0.07
[375] 9727150, 10127145, 0.07
[376] 9727163, 10227116, 0.07
[377] 9724338, 10027126, 0.06
[378] 9727142, 9927114, 0.06
[379] 9727142, 10127218, 0.06
[380] 9727150, 9827262, 0.06
[381] 9727171, 9927204, 0.06
[382] 9727142, 10127163, 0.05
[383] 9727162, 9724338, 0.05
[384] 9627175, 10027203, 0.04
[385] 9727150, 9927131, 0.04
[386] 9727150, 9927251, 0.04
[387] 9627268, 9927137, 0.03
[388] 9727142, 10027234, 0.03
[389] 9727154, 9627175, 0.03
[390] 9727163, 9927241, 0.03
[391] 9627175, 10127263, 0.02
[392] 9724338, 10027114, 0.02
[393] 9727150, 9927208, 0.02
[394] 9727154, 10227139, 0.02
[395] 9727142, 9727162, 0.01
[396] 9727162, 10027240, 0.01
[397] 9727162, 10127213, 0.01
[398] 9727163, 10027207, 0.01
[399] 9727163, 10220116, 0.01
[400] 9727171, 10127130, 0.01
